# Wavelength, Molecular Absorption, Ozone, Rayleigh Scattering, Aerosol Extinction
3.000000000e+02	1.000000000e+00	8.690008864e-02	4.104966008e-01	9.553642367e-01
3.010000000e+02	1.000000000e+00	1.167872334e-01	4.156956961e-01	9.553642367e-01
3.020000000e+02	1.000000000e+00	1.492861186e-01	4.208664953e-01	9.553642367e-01
3.030000000e+02	1.000000000e+00	2.011565703e-01	4.260083578e-01	9.553642367e-01
3.040000000e+02	1.000000000e+00	2.315169731e-01	4.311206772e-01	9.553642367e-01
3.050000000e+02	1.000000000e+00	2.960217191e-01	4.362028802e-01	9.553642367e-01
3.060000000e+02	1.000000000e+00	3.375021139e-01	4.412544259e-01	9.553642367e-01
3.070000000e+02	1.000000000e+00	3.890795651e-01	4.462748052e-01	9.553642367e-01
3.080000000e+02	1.000000000e+00	4.398467528e-01	4.512635394e-01	9.553642367e-01
3.090000000e+02	1.000000000e+00	4.736710216e-01	4.562201798e-01	9.553642367e-01
3.100000000e+02	1.000000000e+00	5.514447972e-01	4.611443064e-01	9.553642367e-01
3.110000000e+02	1.000000000e+00	5.809251317e-01	4.660355278e-01	9.553642367e-01
3.120000000e+02	1.000000000e+00	6.285616603e-01	4.708934796e-01	9.553642367e-01
3.130000000e+02	1.000000000e+00	6.746572537e-01	4.757178241e-01	9.553642367e-01
3.140000000e+02	1.000000000e+00	6.887866457e-01	4.805082490e-01	9.553642367e-01
3.150000000e+02	1.000000000e+00	7.479448526e-01	4.852644672e-01	9.553642367e-01
3.160000000e+02	1.000000000e+00	7.578858020e-01	4.899862156e-01	9.553642367e-01
3.170000000e+02	1.000000000e+00	7.985189429e-01	4.946732543e-01	9.553642367e-01
3.180000000e+02	1.000000000e+00	8.049962993e-01	4.993253662e-01	9.553642367e-01
3.190000000e+02	1.000000000e+00	8.673047685e-01	5.039423559e-01	9.553642367e-01
3.200000000e+02	1.000000000e+00	8.287393173e-01	5.085240491e-01	9.553642367e-01
3.210000000e+02	1.000000000e+00	9.063420933e-01	5.130702916e-01	9.553642367e-01
3.220000000e+02	1.000000000e+00	8.716046796e-01	5.175809493e-01	9.553642367e-01
3.230000000e+02	1.000000000e+00	8.943555972e-01	5.220559068e-01	9.553642367e-01
3.240000000e+02	1.000000000e+00	9.488259467e-01	5.264950669e-01	9.553642367e-01
3.250000000e+02	1.000000000e+00	8.976500405e-01	5.308983501e-01	9.553642367e-01
3.260000000e+02	1.000000000e+00	9.452890130e-01	5.352656940e-01	9.553642367e-01
3.270000000e+02	1.000000000e+00	9.637321250e-01	5.395970521e-01	9.553642367e-01
3.280000000e+02	1.000000000e+00	9.222436675e-01	5.438923941e-01	9.553642367e-01
3.290000000e+02	1.000000000e+00	9.730054657e-01	5.481517043e-01	9.553642367e-01
3.300000000e+02	1.000000000e+00	9.808927352e-01	5.523749819e-01	9.553642367e-01
3.310000000e+02	1.000000000e+00	9.563672905e-01	5.565622399e-01	9.553642367e-01
3.320000000e+02	1.000000000e+00	9.813270348e-01	5.607135044e-01	9.553642367e-01
3.330000000e+02	1.000000000e+00	9.855054114e-01	5.648288146e-01	9.553642367e-01
3.340000000e+02	1.000000000e+00	9.707414535e-01	5.689082220e-01	9.553642367e-01
3.350000000e+02	1.000000000e+00	9.900375041e-01	5.729517895e-01	9.553642367e-01
3.360000000e+02	1.000000000e+00	9.941866096e-01	5.769595917e-01	9.553642367e-01
3.370000000e+02	1.000000000e+00	9.874575273e-01	5.809317136e-01	9.553642367e-01
3.380000000e+02	1.000000000e+00	9.893442522e-01	5.848682508e-01	9.553642367e-01
3.390000000e+02	1.000000000e+00	9.959000017e-01	5.887693083e-01	9.553642367e-01
3.400000000e+02	1.000000000e+00	9.922421085e-01	5.926350009e-01	9.553642367e-01
3.410000000e+02	1.000000000e+00	9.942539847e-01	5.964654520e-01	9.553642367e-01
3.420000000e+02	1.000000000e+00	9.969149136e-01	6.002607938e-01	9.553642367e-01
3.430000000e+02	1.000000000e+00	9.965175453e-01	6.040211664e-01	9.553642367e-01
3.440000000e+02	1.000000000e+00	9.914278297e-01	6.077467177e-01	9.553642367e-01
3.450000000e+02	1.000000000e+00	9.964069580e-01	6.114376027e-01	9.553642367e-01
3.460000000e+02	1.000000000e+00	9.981129318e-01	6.150939837e-01	9.553642367e-01
3.470000000e+02	1.000000000e+00	9.989301729e-01	6.187160294e-01	9.553642367e-01
3.480000000e+02	1.000000000e+00	9.987672419e-01	6.223039146e-01	9.553642367e-01
3.490000000e+02	1.000000000e+00	9.994940173e-01	6.258578202e-01	9.553642367e-01
3.500000000e+02	1.000000000e+00	9.994000003e-01	6.293779326e-01	9.553642367e-01
3.510000000e+02	1.000000000e+00	9.994913795e-01	6.328644434e-01	9.553642367e-01
3.520000000e+02	1.000000000e+00	9.985247869e-01	6.363175493e-01	9.553642367e-01
3.530000000e+02	1.000000000e+00	9.993136755e-01	6.397374514e-01	9.553642367e-01
3.540000000e+02	1.000000000e+00	9.995000002e-01	6.431243555e-01	9.553642367e-01
3.550000000e+02	1.000000000e+00	9.993000003e-01	6.464784711e-01	9.553642367e-01
3.560000000e+02	1.000000000e+00	9.990470592e-01	6.498000118e-01	9.553642367e-01
3.570000000e+02	1.000000000e+00	9.984050427e-01	6.530891948e-01	9.553642367e-01
3.580000000e+02	1.000000000e+00	9.979658342e-01	6.563462404e-01	9.553642367e-01
3.590000000e+02	1.000000000e+00	9.973291678e-01	6.595713722e-01	9.553642367e-01
3.600000000e+02	1.000000000e+00	9.967000014e-01	6.627648165e-01	9.553642367e-01
3.610000000e+02	1.000000000e+00	9.967380179e-01	6.659268024e-01	9.553642367e-01
3.620000000e+02	1.000000000e+00	9.977677695e-01	6.690575612e-01	9.553642367e-01
3.630000000e+02	9.999750962e-01	9.988958682e-01	6.721573266e-01	9.553642367e-01
3.640000000e+02	9.999538528e-01	9.995000002e-01	6.752263344e-01	9.553642367e-01
3.650000000e+02	9.999819589e-01	9.997000001e-01	6.782648219e-01	9.553642367e-01
3.660000000e+02	9.999925830e-01	9.999000000e-01	6.812730284e-01	9.553642367e-01
3.670000000e+02	9.999426918e-01	1.000000000e+00	6.842511946e-01	9.553642367e-01
3.680000000e+02	9.999555825e-01	1.000000000e+00	6.871995623e-01	9.553642367e-01
3.690000000e+02	9.999555824e-01	1.000000000e+00	6.901183747e-01	9.553642367e-01
3.700000000e+02	9.999555825e-01	1.000000000e+00	6.930078758e-01	9.553642367e-01
3.710000000e+02	9.999555825e-01	1.000000000e+00	6.958683107e-01	9.553642367e-01
3.720000000e+02	9.999555825e-01	1.000000000e+00	6.986999250e-01	9.553642367e-01
3.730000000e+02	9.999556686e-01	1.000000000e+00	7.015029648e-01	9.553642367e-01
3.740000000e+02	1.000000000e+00	9.999000000e-01	7.042776769e-01	9.553642367e-01
3.750000000e+02	9.999855738e-01	9.999000000e-01	7.070243083e-01	9.553642367e-01
3.760000000e+02	1.000000000e+00	9.997468255e-01	7.097431060e-01	9.553642367e-01
3.770000000e+02	9.999867459e-01	9.995000002e-01	7.124343174e-01	9.553642367e-01
3.780000000e+02	9.999605798e-01	9.990547623e-01	7.150981897e-01	9.553642367e-01
3.790000000e+02	1.000000000e+00	9.984622054e-01	7.177349699e-01	9.553642367e-01
3.800000000e+02	1.000000000e+00	9.982000008e-01	7.203449049e-01	9.553642367e-01
3.810000000e+02	1.000000000e+00	9.984173235e-01	7.229282413e-01	9.553642367e-01
3.820000000e+02	9.999921417e-01	9.990031500e-01	7.254852251e-01	9.553642367e-01
3.830000000e+02	9.999747030e-01	9.994881892e-01	7.280161019e-01	9.553642367e-01
3.840000000e+02	1.000000000e+00	9.997000001e-01	7.305211167e-01	9.553642367e-01
3.850000000e+02	9.999712126e-01	9.999000000e-01	7.330005140e-01	9.553642367e-01
3.860000000e+02	1.000000000e+00	9.999289063e-01	7.354545372e-01	9.553642367e-01
3.870000000e+02	9.999555825e-01	1.000000000e+00	7.378834292e-01	9.553642367e-01
3.880000000e+02	9.999555825e-01	1.000000000e+00	7.402874319e-01	9.553642367e-01
3.890000000e+02	9.999555825e-01	1.000000000e+00	7.426667862e-01	9.553642367e-01
3.900000000e+02	9.999555399e-01	1.000000000e+00	7.450217321e-01	9.553642367e-01
3.910000000e+02	9.999795823e-01	1.000000000e+00	7.473525086e-01	9.553642367e-01
3.920000000e+02	9.999999751e-01	1.000000000e+00	7.496593533e-01	9.553642367e-01
3.930000000e+02	9.999999707e-01	1.000000000e+00	7.519425029e-01	9.553642367e-01
3.940000000e+02	9.999999707e-01	1.000000000e+00	7.542021928e-01	9.553642367e-01
3.950000000e+02	9.999999707e-01	1.000000000e+00	7.564386571e-01	9.553642367e-01
3.960000000e+02	9.999996469e-01	1.000000000e+00	7.586521287e-01	9.553642367e-01
3.970000000e+02	9.999724228e-01	1.000000000e+00	7.608428390e-01	9.553642367e-01
3.980000000e+02	9.999850468e-01	1.000000000e+00	7.630110181e-01	9.553642367e-01
3.990000000e+02	9.999885464e-01	1.000000000e+00	7.651568948e-01	9.553642367e-01
4.000000000e+02	9.999627975e-01	1.000000000e+00	7.672806962e-01	9.553642367e-01
4.010000000e+02	9.999584212e-01	1.000000000e+00	7.693826480e-01	9.555143062e-01
4.020000000e+02	9.999568376e-01	1.000000000e+00	7.714629745e-01	9.556635111e-01
4.030000000e+02	9.999555825e-01	1.000000000e+00	7.735218984e-01	9.558118583e-01
4.040000000e+02	9.999555815e-01	1.000000000e+00	7.755596408e-01	9.559593549e-01
4.050000000e+02	9.999555598e-01	1.000000000e+00	7.775764213e-01	9.561060076e-01
4.060000000e+02	9.999511887e-01	1.000000000e+00	7.795724576e-01	9.562518233e-01
4.070000000e+02	9.999725251e-01	1.000000000e+00	7.815479662e-01	9.563968088e-01
4.080000000e+02	9.999670940e-01	1.000000000e+00	7.835031616e-01	9.565409708e-01
4.090000000e+02	9.999528482e-01	1.000000000e+00	7.854382568e-01	9.566843158e-01
4.100000000e+02	1.000000000e+00	9.999000000e-01	7.873534631e-01	9.568268503e-01
4.110000000e+02	1.000000000e+00	9.999000000e-01	7.892489901e-01	9.569685810e-01
4.120000000e+02	1.000000000e+00	9.999000000e-01	7.911250457e-01	9.571095140e-01
4.130000000e+02	1.000000000e+00	9.999000000e-01	7.929818360e-01	9.572496559e-01
4.140000000e+02	1.000000000e+00	9.999000000e-01	7.948195655e-01	9.573890128e-01
4.150000000e+02	1.000000000e+00	9.999000000e-01	7.966384369e-01	9.575275910e-01
4.160000000e+02	9.999691318e-01	9.999000000e-01	7.984386511e-01	9.576653967e-01
4.170000000e+02	9.999538695e-01	9.999000000e-01	8.002204073e-01	9.578024358e-01
4.180000000e+02	1.000000000e+00	9.998000001e-01	8.019839030e-01	9.579387145e-01
4.190000000e+02	1.000000000e+00	9.998000001e-01	8.037293340e-01	9.580742386e-01
4.200000000e+02	1.000000000e+00	9.998000001e-01	8.054568940e-01	9.582090142e-01
4.210000000e+02	1.000000000e+00	9.998000001e-01	8.071667753e-01	9.583430469e-01
4.220000000e+02	1.000000000e+00	9.998000001e-01	8.088591683e-01	9.584763427e-01
4.230000000e+02	9.999811602e-01	9.998000001e-01	8.105342617e-01	9.586089072e-01
4.240000000e+02	1.000000000e+00	9.997000001e-01	8.121922423e-01	9.587407461e-01
4.250000000e+02	9.999902475e-01	9.997000001e-01	8.138332951e-01	9.588718651e-01
4.260000000e+02	9.999632993e-01	9.997000001e-01	8.154576037e-01	9.590022696e-01
4.270000000e+02	9.999633099e-01	9.997000001e-01	8.170653495e-01	9.591319651e-01
4.280000000e+02	9.999792536e-01	9.997000001e-01	8.186567124e-01	9.592609572e-01
4.290000000e+02	9.999928686e-01	9.997000001e-01	8.202318705e-01	9.593892512e-01
4.300000000e+02	9.999929486e-01	9.997000001e-01	8.217910002e-01	9.595168524e-01
4.310000000e+02	9.999714784e-01	9.997000001e-01	8.233342759e-01	9.596437661e-01
4.320000000e+02	9.999976957e-01	9.996000002e-01	8.248618707e-01	9.597699976e-01
4.330000000e+02	1.000000000e+00	9.995000002e-01	8.263739555e-01	9.598955520e-01
4.340000000e+02	1.000000000e+00	9.995000002e-01	8.278706999e-01	9.600204345e-01
4.350000000e+02	1.000000000e+00	9.995000002e-01	8.293522715e-01	9.601446502e-01
4.360000000e+02	1.000000000e+00	9.995000002e-01	8.308188363e-01	9.602682040e-01
4.370000000e+02	1.000000000e+00	9.995000002e-01	8.322705587e-01	9.603911010e-01
4.380000000e+02	9.999947472e-01	9.994500002e-01	8.337076011e-01	9.605133460e-01
4.390000000e+02	9.999909278e-01	9.993657537e-01	8.351301245e-01	9.606349441e-01
4.400000000e+02	1.000000000e+00	9.992000003e-01	8.365382883e-01	9.607559000e-01
4.410000000e+02	9.999867624e-01	9.991000004e-01	8.379322498e-01	9.608762185e-01
4.420000000e+02	9.999367653e-01	9.990000004e-01	8.393121651e-01	9.609959043e-01
4.430000000e+02	9.998101873e-01	9.989000005e-01	8.406781885e-01	9.611149622e-01
4.440000000e+02	9.999798279e-01	9.988000005e-01	8.420304726e-01	9.612333968e-01
4.450000000e+02	9.999183483e-01	9.988000005e-01	8.433691684e-01	9.613512127e-01
4.460000000e+02	9.998871411e-01	9.988000005e-01	8.446944254e-01	9.614684146e-01
4.470000000e+02	9.999454466e-01	9.988000005e-01	8.460063913e-01	9.615850068e-01
4.480000000e+02	1.000000000e+00	9.988000005e-01	8.473052125e-01	9.617009939e-01
4.490000000e+02	9.999521981e-01	9.988920005e-01	8.485910335e-01	9.618163804e-01
4.500000000e+02	1.000000000e+00	9.988000005e-01	8.498639974e-01	9.619311706e-01
4.510000000e+02	1.000000000e+00	9.988000005e-01	8.511242458e-01	9.620453688e-01
4.520000000e+02	9.999586991e-01	9.989000005e-01	8.523719187e-01	9.621589795e-01
4.530000000e+02	9.999645555e-01	9.989000005e-01	8.536071544e-01	9.622720068e-01
4.540000000e+02	9.999590119e-01	9.989000005e-01	8.548300901e-01	9.623844550e-01
4.550000000e+02	1.000000000e+00	9.988000005e-01	8.560408610e-01	9.624963283e-01
4.560000000e+02	9.999963800e-01	9.987000005e-01	8.572396013e-01	9.626076309e-01
4.570000000e+02	1.000000000e+00	9.985000006e-01	8.584264432e-01	9.627183668e-01
4.580000000e+02	9.999985616e-01	9.983000007e-01	8.596015178e-01	9.628285402e-01
4.590000000e+02	9.999689930e-01	9.980986936e-01	8.607649547e-01	9.629381550e-01
4.600000000e+02	1.000000000e+00	9.978454554e-01	8.619168820e-01	9.630472154e-01
4.610000000e+02	9.999866949e-01	9.977000010e-01	8.630574263e-01	9.631557251e-01
4.620000000e+02	1.000000000e+00	9.976000010e-01	8.641867129e-01	9.632636883e-01
4.630000000e+02	9.999824659e-01	9.976000010e-01	8.653048656e-01	9.633711087e-01
4.640000000e+02	9.999677656e-01	9.977000010e-01	8.664120070e-01	9.634779902e-01
4.650000000e+02	9.999651232e-01	9.978000009e-01	8.675082581e-01	9.635843366e-01
4.660000000e+02	9.999757487e-01	9.978000009e-01	8.685937386e-01	9.636901518e-01
4.670000000e+02	1.000000000e+00	9.976141036e-01	8.696685668e-01	9.637954395e-01
4.680000000e+02	1.000000000e+00	9.974000011e-01	8.707328600e-01	9.639002034e-01
4.690000000e+02	1.000000000e+00	9.971314115e-01	8.717867336e-01	9.640044471e-01
4.700000000e+02	9.998934487e-01	9.968923580e-01	8.728303022e-01	9.641081744e-01
4.710000000e+02	1.000000000e+00	9.964547785e-01	8.738636788e-01	9.642113888e-01
4.720000000e+02	1.000000000e+00	9.961000016e-01	8.748869753e-01	9.643140940e-01
4.730000000e+02	9.999873323e-01	9.957000018e-01	8.759003021e-01	9.644162934e-01
4.740000000e+02	1.000000000e+00	9.951496835e-01	8.769037685e-01	9.645179906e-01
4.750000000e+02	1.000000000e+00	9.942341796e-01	8.778974827e-01	9.646191891e-01
4.760000000e+02	1.000000000e+00	9.928723300e-01	8.788815512e-01	9.647198924e-01
4.770000000e+02	1.000000000e+00	9.918566072e-01	8.798560798e-01	9.648201039e-01
4.780000000e+02	1.000000000e+00	9.917000035e-01	8.808211728e-01	9.649198269e-01
4.790000000e+02	1.000000000e+00	9.921987532e-01	8.817769334e-01	9.650190648e-01
4.800000000e+02	1.000000000e+00	9.927243780e-01	8.827234634e-01	9.651178211e-01
4.810000000e+02	1.000000000e+00	9.932490711e-01	8.836608638e-01	9.652160989e-01
4.820000000e+02	1.000000000e+00	9.936720523e-01	8.845892341e-01	9.653139015e-01
4.830000000e+02	1.000000000e+00	9.940000025e-01	8.855086729e-01	9.654112323e-01
4.840000000e+02	1.000000000e+00	9.944148171e-01	8.864192775e-01	9.655080943e-01
4.850000000e+02	9.999583109e-01	9.948000022e-01	8.873211441e-01	9.656044909e-01
4.860000000e+02	1.000000000e+00	9.950000021e-01	8.882143679e-01	9.657004252e-01
4.870000000e+02	1.000000000e+00	9.951000020e-01	8.890990430e-01	9.657959002e-01
4.880000000e+02	9.999889227e-01	9.951159530e-01	8.899752621e-01	9.658909192e-01
4.890000000e+02	9.999315208e-01	9.950000021e-01	8.908431173e-01	9.659854852e-01
4.900000000e+02	1.000000000e+00	9.947000022e-01	8.917026993e-01	9.660796012e-01
4.910000000e+02	9.999855499e-01	9.945768315e-01	8.925540979e-01	9.661732703e-01
4.920000000e+02	9.999649998e-01	9.945000023e-01	8.933974017e-01	9.662664955e-01
4.930000000e+02	9.999740700e-01	9.944000023e-01	8.942326985e-01	9.663592797e-01
4.940000000e+02	1.000000000e+00	9.942490933e-01	8.950600749e-01	9.664516259e-01
4.950000000e+02	1.000000000e+00	9.941000025e-01	8.958796166e-01	9.665435371e-01
4.960000000e+02	9.999615627e-01	9.939000025e-01	8.966914083e-01	9.666350161e-01
4.970000000e+02	9.999962887e-01	9.935325328e-01	8.974955336e-01	9.667260657e-01
4.980000000e+02	9.999719408e-01	9.931295209e-01	8.982920752e-01	9.668166890e-01
4.990000000e+02	1.000000000e+00	9.925275480e-01	8.990811150e-01	9.669068885e-01
5.000000000e+02	9.999580755e-01	9.919269495e-01	8.998627337e-01	9.669966673e-01
5.010000000e+02	9.999694752e-01	9.912275486e-01	9.006370111e-01	9.670860280e-01
5.020000000e+02	9.999269818e-01	9.905287465e-01	9.014040263e-01	9.671749734e-01
5.030000000e+02	9.997501732e-01	9.899317407e-01	9.021638572e-01	9.672635062e-01
5.040000000e+02	9.987405803e-01	9.895357186e-01	9.029165810e-01	9.673516291e-01
5.050000000e+02	9.997083293e-01	9.892410759e-01	9.036622738e-01	9.674393449e-01
5.060000000e+02	9.994556495e-01	9.892000045e-01	9.044010111e-01	9.675266561e-01
5.070000000e+02	9.994396649e-01	9.892449749e-01	9.051328672e-01	9.676135655e-01
5.080000000e+02	9.995699569e-01	9.894000044e-01	9.058579158e-01	9.677000756e-01
5.090000000e+02	9.996759079e-01	9.896260398e-01	9.065762295e-01	9.677861890e-01
5.100000000e+02	9.997434574e-01	9.898000042e-01	9.072878804e-01	9.678719083e-01
5.110000000e+02	9.999012117e-01	9.898000042e-01	9.079929394e-01	9.679572361e-01
5.120000000e+02	9.999202535e-01	9.897000043e-01	9.086914768e-01	9.680421748e-01
5.130000000e+02	1.000000000e+00	9.894251506e-01	9.093835619e-01	9.681267270e-01
5.140000000e+02	9.999978677e-01	9.892000045e-01	9.100692635e-01	9.682108952e-01
5.150000000e+02	1.000000000e+00	9.889000046e-01	9.107486493e-01	9.682946818e-01
5.160000000e+02	9.999839927e-01	9.887000047e-01	9.114217863e-01	9.683780894e-01
5.170000000e+02	9.999670962e-01	9.884947722e-01	9.120887408e-01	9.684611202e-01
5.180000000e+02	1.000000000e+00	9.882150338e-01	9.127495783e-01	9.685437767e-01
5.190000000e+02	9.999869377e-01	9.880000050e-01	9.134043635e-01	9.686260614e-01
5.200000000e+02	9.999609951e-01	9.877586258e-01	9.140531604e-01	9.687079765e-01
5.210000000e+02	1.000000000e+00	9.873000053e-01	9.146960321e-01	9.687895244e-01
5.220000000e+02	1.000000000e+00	9.868069020e-01	9.153330412e-01	9.688707075e-01
5.230000000e+02	1.000000000e+00	9.862325771e-01	9.159642495e-01	9.689515280e-01
5.240000000e+02	9.999721442e-01	9.855594346e-01	9.165897180e-01	9.690319883e-01
5.250000000e+02	9.999939746e-01	9.847874349e-01	9.172095070e-01	9.691120906e-01
5.260000000e+02	9.999809627e-01	9.841164839e-01	9.178236763e-01	9.691918372e-01
5.270000000e+02	9.999929172e-01	9.832931887e-01	9.184322847e-01	9.692712302e-01
5.280000000e+02	9.999943049e-01	9.825778481e-01	9.190353906e-01	9.693502720e-01
5.290000000e+02	9.999485898e-01	9.819096666e-01	9.196330516e-01	9.694289647e-01
5.300000000e+02	1.000000000e+00	9.812431896e-01	9.202253245e-01	9.695073105e-01
5.310000000e+02	1.000000000e+00	9.807000080e-01	9.208122657e-01	9.695853116e-01
5.320000000e+02	1.000000000e+00	9.803130025e-01	9.213939309e-01	9.696629700e-01
5.330000000e+02	1.000000000e+00	9.801000082e-01	9.219703750e-01	9.697402880e-01
5.340000000e+02	9.999837347e-01	9.801000082e-01	9.225416523e-01	9.698172677e-01
5.350000000e+02	1.000000000e+00	9.802000082e-01	9.231078166e-01	9.698939110e-01
5.360000000e+02	9.999959782e-01	9.804000081e-01	9.236689211e-01	9.699702202e-01
5.370000000e+02	9.999785465e-01	9.805000081e-01	9.242250181e-01	9.700461973e-01
5.380000000e+02	9.999465673e-01	9.805000081e-01	9.247761597e-01	9.701218443e-01
5.390000000e+02	9.999735474e-01	9.803000081e-01	9.253223971e-01	9.701971633e-01
5.400000000e+02	9.998750584e-01	9.801000082e-01	9.258637810e-01	9.702721562e-01
5.410000000e+02	9.996604242e-01	9.797794528e-01	9.264003615e-01	9.703468251e-01
5.420000000e+02	9.995955700e-01	9.794254229e-01	9.269321883e-01	9.704211719e-01
5.430000000e+02	9.998838127e-01	9.790000087e-01	9.274593103e-01	9.704951986e-01
5.440000000e+02	9.996749892e-01	9.786203385e-01	9.279817759e-01	9.705689072e-01
5.450000000e+02	9.998088285e-01	9.783000090e-01	9.284996330e-01	9.706422996e-01
5.460000000e+02	9.996414990e-01	9.780192398e-01	9.290129288e-01	9.707153777e-01
5.470000000e+02	9.998064783e-01	9.778000092e-01	9.295217103e-01	9.707881434e-01
5.480000000e+02	9.998614069e-01	9.776000092e-01	9.300260237e-01	9.708605986e-01
5.490000000e+02	9.999297365e-01	9.774000093e-01	9.305259146e-01	9.709327451e-01
5.500000000e+02	9.999202798e-01	9.772000094e-01	9.310214282e-01	9.710045849e-01
5.510000000e+02	1.000000000e+00	9.769000095e-01	9.315126093e-01	9.710761198e-01
5.520000000e+02	9.999818913e-01	9.767000096e-01	9.319995020e-01	9.711473517e-01
5.530000000e+02	1.000000000e+00	9.763967489e-01	9.324821500e-01	9.712182822e-01
5.540000000e+02	1.000000000e+00	9.760546045e-01	9.329605964e-01	9.712889133e-01
5.550000000e+02	9.999746561e-01	9.757000100e-01	9.334348840e-01	9.713592467e-01
5.560000000e+02	9.999702578e-01	9.752470372e-01	9.339050548e-01	9.714292841e-01
5.570000000e+02	1.000000000e+00	9.746688276e-01	9.343711508e-01	9.714990275e-01
5.580000000e+02	9.999886957e-01	9.740962472e-01	9.348332130e-01	9.715684784e-01
5.590000000e+02	1.000000000e+00	9.733588345e-01	9.352912823e-01	9.716376387e-01
5.600000000e+02	9.999961060e-01	9.726449311e-01	9.357453991e-01	9.717065101e-01
5.610000000e+02	1.000000000e+00	9.718743431e-01	9.361956030e-01	9.717750942e-01
5.620000000e+02	1.000000000e+00	9.710529531e-01	9.366419336e-01	9.718433928e-01
5.630000000e+02	9.999828240e-01	9.703192635e-01	9.370844298e-01	9.719114075e-01
5.640000000e+02	9.999697348e-01	9.695734168e-01	9.375231302e-01	9.719791400e-01
5.650000000e+02	9.999824750e-01	9.688106511e-01	9.379580728e-01	9.720465920e-01
5.660000000e+02	9.999930260e-01	9.680248809e-01	9.383892953e-01	9.721137652e-01
5.670000000e+02	9.999936600e-01	9.671904897e-01	9.388168349e-01	9.721806610e-01
5.680000000e+02	9.997790717e-01	9.663326454e-01	9.392407285e-01	9.722472813e-01
5.690000000e+02	9.989808657e-01	9.653772629e-01	9.396610125e-01	9.723136275e-01
5.700000000e+02	9.993420416e-01	9.643347515e-01	9.400777228e-01	9.723797013e-01
5.710000000e+02	9.998443788e-01	9.633715940e-01	9.404908950e-01	9.724455042e-01
5.720000000e+02	9.994097527e-01	9.624214814e-01	9.409005643e-01	9.725110378e-01
5.730000000e+02	9.995469068e-01	9.615366650e-01	9.413067656e-01	9.725763038e-01
5.740000000e+02	9.996573612e-01	9.608136286e-01	9.417095333e-01	9.726413035e-01
5.750000000e+02	9.995856718e-01	9.603911620e-01	9.421089013e-01	9.727060386e-01
5.760000000e+02	9.997577997e-01	9.601000163e-01	9.425049033e-01	9.727705106e-01
5.770000000e+02	9.997325895e-01	9.602000163e-01	9.428975726e-01	9.728347210e-01
5.780000000e+02	9.999594953e-01	9.604703287e-01	9.432869421e-01	9.728986714e-01
5.790000000e+02	9.999878295e-01	9.613781408e-01	9.436730444e-01	9.729623631e-01
5.800000000e+02	9.999636275e-01	9.629202224e-01	9.440559115e-01	9.730257976e-01
5.810000000e+02	9.999624209e-01	9.645948599e-01	9.444355753e-01	9.730889766e-01
5.820000000e+02	9.999285358e-01	9.660190861e-01	9.448120672e-01	9.731519013e-01
5.830000000e+02	9.999384622e-01	9.671092919e-01	9.451854185e-01	9.732145733e-01
5.840000000e+02	9.998795004e-01	9.679687311e-01	9.455556598e-01	9.732769939e-01
5.850000000e+02	9.998701635e-01	9.685820642e-01	9.459228215e-01	9.733391647e-01
5.860000000e+02	9.997162589e-01	9.690948845e-01	9.462869338e-01	9.734010870e-01
5.870000000e+02	9.994593744e-01	9.694000126e-01	9.466480265e-01	9.734627622e-01
5.880000000e+02	9.979356102e-01	9.696000125e-01	9.470061289e-01	9.735241918e-01
5.890000000e+02	9.945572476e-01	9.697000125e-01	9.473612701e-01	9.735853770e-01
5.900000000e+02	9.947649647e-01	9.696642982e-01	9.477134790e-01	9.736463194e-01
5.910000000e+02	9.965880212e-01	9.694558501e-01	9.480627840e-01	9.737070202e-01
5.920000000e+02	9.953011456e-01	9.691487436e-01	9.484092132e-01	9.737674808e-01
5.930000000e+02	9.964308019e-01	9.687424371e-01	9.487527946e-01	9.738277025e-01
5.940000000e+02	9.961790026e-01	9.682368817e-01	9.490935556e-01	9.738876868e-01
5.950000000e+02	9.956391859e-01	9.677321741e-01	9.494315235e-01	9.739474349e-01
5.960000000e+02	9.976203206e-01	9.670281542e-01	9.497667252e-01	9.740069480e-01
5.970000000e+02	9.976071367e-01	9.664251394e-01	9.500991873e-01	9.740662277e-01
5.980000000e+02	9.982173261e-01	9.659231296e-01	9.504289364e-01	9.741252750e-01
5.990000000e+02	9.987237506e-01	9.654216222e-01	9.507559983e-01	9.741840914e-01
6.000000000e+02	9.993446899e-01	9.650210143e-01	9.510803989e-01	9.742426781e-01
6.010000000e+02	9.997184359e-01	9.648215144e-01	9.514021636e-01	9.743010363e-01
6.020000000e+02	9.997607695e-01	9.647000145e-01	9.517213178e-01	9.743591674e-01
6.030000000e+02	9.999160864e-01	9.647000145e-01	9.520378864e-01	9.744170725e-01
6.040000000e+02	9.999820050e-01	9.649000144e-01	9.523518939e-01	9.744747530e-01
6.050000000e+02	1.000000000e+00	9.651000143e-01	9.526633650e-01	9.745322101e-01
6.060000000e+02	1.000000000e+00	9.654643706e-01	9.529723236e-01	9.745894449e-01
6.070000000e+02	1.000000000e+00	9.659182406e-01	9.532787938e-01	9.746464587e-01
6.080000000e+02	9.999628432e-01	9.664529841e-01	9.535827990e-01	9.747032527e-01
6.090000000e+02	9.999844750e-01	9.669463190e-01	9.538843627e-01	9.747598281e-01
6.100000000e+02	1.000000000e+00	9.674384370e-01	9.541835081e-01	9.748161862e-01
6.110000000e+02	1.000000000e+00	9.680299151e-01	9.544802580e-01	9.748723280e-01
6.120000000e+02	1.000000000e+00	9.685206012e-01	9.547746349e-01	9.749282547e-01
6.130000000e+02	9.999694154e-01	9.690103069e-01	9.550666614e-01	9.749839676e-01
6.140000000e+02	9.999961918e-01	9.693995248e-01	9.553563595e-01	9.750394677e-01
6.150000000e+02	9.999854598e-01	9.697878173e-01	9.556437512e-01	9.750947563e-01
6.160000000e+02	1.000000000e+00	9.701000123e-01	9.559288581e-01	9.751498345e-01
6.170000000e+02	1.000000000e+00	9.704000122e-01	9.562117016e-01	9.752047033e-01
6.180000000e+02	1.000000000e+00	9.706480703e-01	9.564923030e-01	9.752593640e-01
6.190000000e+02	1.000000000e+00	9.708000120e-01	9.567706833e-01	9.753138176e-01
6.200000000e+02	9.999963026e-01	9.709000120e-01	9.570468632e-01	9.753680653e-01
6.210000000e+02	1.000000000e+00	9.709000120e-01	9.573208633e-01	9.754221081e-01
6.220000000e+02	9.999757424e-01	9.709000120e-01	9.575927038e-01	9.754759472e-01
6.230000000e+02	1.000000000e+00	9.707341467e-01	9.578624049e-01	9.755295836e-01
6.240000000e+02	1.000000000e+00	9.706528967e-01	9.581299865e-01	9.755830185e-01
6.250000000e+02	9.999940385e-01	9.705000121e-01	9.583954683e-01	9.756362528e-01
6.260000000e+02	9.999326619e-01	9.704000122e-01	9.586588697e-01	9.756892877e-01
6.270000000e+02	9.996850893e-01	9.703138878e-01	9.589202099e-01	9.757421242e-01
6.280000000e+02	9.761932573e-01	9.704000122e-01	9.591795082e-01	9.757947634e-01
6.290000000e+02	9.906762507e-01	9.705416389e-01	9.594367832e-01	9.758472063e-01
6.300000000e+02	9.889610954e-01	9.708181072e-01	9.596920537e-01	9.758994539e-01
6.310000000e+02	9.953727008e-01	9.712942975e-01	9.599453382e-01	9.759515073e-01
6.320000000e+02	9.973334962e-01	9.718384002e-01	9.601966549e-01	9.760033675e-01
6.330000000e+02	9.988848167e-01	9.725872151e-01	9.604460219e-01	9.760550355e-01
6.340000000e+02	9.995407945e-01	9.734349166e-01	9.606934570e-01	9.761065124e-01
6.350000000e+02	9.996240487e-01	9.743801992e-01	9.609389781e-01	9.761577990e-01
6.360000000e+02	9.997743350e-01	9.752622744e-01	9.611826026e-01	9.762088965e-01
6.370000000e+02	9.997938347e-01	9.761676155e-01	9.614243478e-01	9.762598057e-01
6.380000000e+02	9.998339813e-01	9.771047043e-01	9.616642309e-01	9.763105278e-01
6.390000000e+02	9.998601682e-01	9.778483660e-01	9.619022689e-01	9.763610636e-01
6.400000000e+02	9.998603014e-01	9.786436708e-01	9.621384785e-01	9.764114141e-01
6.410000000e+02	9.998586089e-01	9.793121581e-01	9.623728764e-01	9.764615804e-01
6.420000000e+02	9.999058131e-01	9.798799149e-01	9.626054791e-01	9.765115632e-01
6.430000000e+02	9.997709832e-01	9.804467371e-01	9.628363027e-01	9.765613637e-01
6.440000000e+02	9.997603460e-01	9.810130311e-01	9.630653635e-01	9.766109827e-01
6.450000000e+02	9.996142720e-01	9.814000077e-01	9.632926774e-01	9.766604212e-01
6.460000000e+02	9.987757780e-01	9.818435260e-01	9.635182601e-01	9.767096800e-01
6.470000000e+02	9.971402600e-01	9.822074492e-01	9.637421272e-01	9.767587602e-01
6.480000000e+02	9.953993581e-01	9.825708405e-01	9.639642943e-01	9.768076627e-01
6.490000000e+02	9.955551308e-01	9.828336477e-01	9.641847766e-01	9.768563883e-01
6.500000000e+02	9.980965381e-01	9.831958403e-01	9.644035892e-01	9.769049379e-01
6.510000000e+02	9.986424780e-01	9.834566889e-01	9.646207471e-01	9.769533125e-01
6.520000000e+02	9.952543770e-01	9.837175183e-01	9.648362652e-01	9.770015130e-01
6.530000000e+02	9.982188860e-01	9.840774259e-01	9.650501581e-01	9.770495402e-01
6.540000000e+02	9.986743108e-01	9.843362450e-01	9.652624403e-01	9.770973950e-01
6.550000000e+02	9.967494574e-01	9.845949605e-01	9.654731263e-01	9.771450783e-01
6.560000000e+02	9.983871707e-01	9.849000063e-01	9.656822302e-01	9.771925910e-01
6.570000000e+02	9.981687381e-01	9.851095952e-01	9.658897661e-01	9.772399339e-01
6.580000000e+02	9.987653999e-01	9.854000061e-01	9.660957480e-01	9.772871079e-01
6.590000000e+02	9.991399744e-01	9.857000059e-01	9.663001897e-01	9.773341139e-01
6.600000000e+02	9.994661046e-01	9.859000058e-01	9.665031048e-01	9.773809526e-01
6.610000000e+02	9.997495504e-01	9.862309148e-01	9.667045068e-01	9.774276250e-01
6.620000000e+02	9.998930446e-01	9.864845511e-01	9.669044092e-01	9.774741318e-01
6.630000000e+02	9.998517698e-01	9.867375621e-01	9.671028251e-01	9.775204740e-01
6.640000000e+02	9.998830634e-01	9.869895982e-01	9.672997677e-01	9.775666522e-01
6.650000000e+02	9.999293872e-01	9.872411818e-01	9.674952500e-01	9.776126674e-01
6.660000000e+02	9.999717530e-01	9.875000052e-01	9.676892847e-01	9.776585204e-01
6.670000000e+02	9.999308532e-01	9.878423474e-01	9.678818847e-01	9.777042120e-01
6.680000000e+02	1.000000000e+00	9.880918968e-01	9.680730625e-01	9.777497429e-01
6.690000000e+02	9.999594381e-01	9.884000048e-01	9.682628305e-01	9.777951140e-01
6.700000000e+02	9.999559262e-01	9.886887939e-01	9.684512011e-01	9.778403261e-01
6.710000000e+02	1.000000000e+00	9.889000046e-01	9.686381866e-01	9.778853799e-01
6.720000000e+02	9.999954643e-01	9.891830402e-01	9.688237990e-01	9.779302763e-01
6.730000000e+02	1.000000000e+00	9.894293377e-01	9.690080502e-01	9.779750160e-01
6.740000000e+02	1.000000000e+00	9.896746710e-01	9.691909522e-01	9.780195998e-01
6.750000000e+02	9.999922687e-01	9.899000042e-01	9.693725166e-01	9.780640285e-01
6.760000000e+02	1.000000000e+00	9.901000041e-01	9.695527551e-01	9.781083028e-01
6.770000000e+02	1.000000000e+00	9.903075262e-01	9.697316791e-01	9.781524235e-01
6.780000000e+02	9.999983037e-01	9.905500039e-01	9.699093001e-01	9.781963913e-01
6.790000000e+02	1.000000000e+00	9.907000039e-01	9.700856293e-01	9.782402071e-01
6.800000000e+02	9.999880142e-01	9.909000038e-01	9.702606779e-01	9.782838714e-01
6.810000000e+02	9.999578186e-01	9.910748936e-01	9.704344569e-01	9.783273852e-01
6.820000000e+02	9.999473410e-01	9.912000037e-01	9.706069772e-01	9.783707490e-01
6.830000000e+02	9.999406065e-01	9.913000036e-01	9.707782497e-01	9.784139638e-01
6.840000000e+02	9.998722958e-01	9.914938632e-01	9.709482852e-01	9.784570301e-01
6.850000000e+02	9.999566555e-01	9.916000035e-01	9.711170941e-01	9.784999486e-01
6.860000000e+02	9.998341736e-01	9.918000034e-01	9.712846871e-01	9.785427202e-01
6.870000000e+02	8.223175711e-01	9.920000033e-01	9.714510746e-01	9.785853456e-01
6.880000000e+02	8.925786351e-01	9.922000032e-01	9.716162667e-01	9.786278253e-01
6.890000000e+02	8.989479376e-01	9.924000032e-01	9.717802739e-01	9.786701602e-01
6.900000000e+02	9.107843411e-01	9.926143509e-01	9.719431060e-01	9.787123509e-01
6.910000000e+02	9.453702545e-01	9.928489207e-01	9.721047733e-01	9.787543982e-01
6.920000000e+02	9.651956222e-01	9.930000029e-01	9.722652855e-01	9.787963027e-01
6.930000000e+02	9.766240992e-01	9.932000028e-01	9.724246524e-01	9.788380651e-01
6.940000000e+02	9.823230683e-01	9.934000027e-01	9.725828839e-01	9.788796861e-01
6.950000000e+02	9.902404242e-01	9.936000027e-01	9.727399894e-01	9.789211663e-01
6.960000000e+02	9.891934495e-01	9.938000026e-01	9.728959786e-01	9.789625066e-01
6.970000000e+02	9.979984945e-01	9.939431060e-01	9.730508608e-01	9.790037074e-01
6.980000000e+02	9.978895502e-01	9.941000025e-01	9.732046454e-01	9.790447695e-01
6.990000000e+02	9.928697786e-01	9.943000024e-01	9.733573417e-01	9.790856935e-01
7.000000000e+02	9.935152829e-01	9.944000023e-01	9.735089588e-01	9.791264801e-01
7.010000000e+02	9.933426762e-01	9.945600881e-01	9.736595057e-01	9.791671300e-01
7.020000000e+02	9.942800655e-01	9.946000022e-01	9.738089915e-01	9.792076438e-01
7.030000000e+02	9.935870046e-01	9.948000022e-01	9.739574251e-01	9.792480222e-01
7.040000000e+02	9.959033147e-01	9.948414551e-01	9.741048152e-01	9.792882657e-01
7.050000000e+02	9.961323805e-01	9.949000021e-01	9.742511707e-01	9.793283750e-01
7.060000000e+02	9.974062537e-01	9.950000021e-01	9.743965000e-01	9.793683508e-01
7.070000000e+02	9.974838567e-01	9.951000020e-01	9.745408119e-01	9.794081937e-01
7.080000000e+02	9.974751920e-01	9.952000020e-01	9.746841147e-01	9.794479043e-01
7.090000000e+02	9.985264572e-01	9.952000020e-01	9.748264168e-01	9.794874833e-01
7.100000000e+02	9.981985584e-01	9.953000020e-01	9.749677267e-01	9.795269312e-01
7.110000000e+02	9.984841970e-01	9.953000020e-01	9.751080524e-01	9.795662486e-01
7.120000000e+02	9.987000165e-01	9.954000019e-01	9.752474022e-01	9.796054363e-01
7.130000000e+02	9.985688529e-01	9.954000019e-01	9.753857842e-01	9.796444947e-01
7.140000000e+02	9.982540891e-01	9.954000019e-01	9.755232062e-01	9.796834245e-01
7.150000000e+02	9.969042223e-01	9.955000019e-01	9.756596764e-01	9.797222263e-01
7.160000000e+02	9.965249905e-01	9.955000019e-01	9.757952024e-01	9.797609007e-01
7.170000000e+02	9.780430993e-01	9.956000018e-01	9.759297922e-01	9.797994483e-01
7.180000000e+02	9.622207851e-01	9.957000018e-01	9.760634533e-01	9.798378696e-01
7.190000000e+02	9.400554069e-01	9.958673657e-01	9.761961935e-01	9.798761653e-01
7.200000000e+02	9.530147532e-01	9.960000017e-01	9.763280202e-01	9.799143359e-01
7.210000000e+02	9.693911375e-01	9.962000016e-01	9.764589409e-01	9.799523821e-01
7.220000000e+02	9.933469610e-01	9.963000015e-01	9.765889631e-01	9.799903043e-01
7.230000000e+02	9.771316766e-01	9.964000015e-01	9.767180942e-01	9.800281032e-01
7.240000000e+02	9.612399126e-01	9.965000015e-01	9.768463413e-01	9.800657793e-01
7.250000000e+02	9.632661819e-01	9.966000014e-01	9.769737117e-01	9.801033332e-01
7.260000000e+02	9.754021553e-01	9.967000014e-01	9.771002125e-01	9.801407655e-01
7.270000000e+02	9.699631761e-01	9.967876046e-01	9.772258508e-01	9.801780766e-01
7.280000000e+02	9.673602286e-01	9.968000013e-01	9.773506335e-01	9.802152673e-01
7.290000000e+02	9.735937600e-01	9.969119354e-01	9.774745678e-01	9.802523379e-01
7.300000000e+02	9.845828185e-01	9.970000013e-01	9.775976603e-01	9.802892891e-01
7.310000000e+02	9.741139441e-01	9.971000012e-01	9.777199179e-01	9.803261215e-01
7.320000000e+02	9.852952074e-01	9.971000012e-01	9.778413474e-01	9.803628354e-01
7.330000000e+02	9.928785808e-01	9.972000012e-01	9.779619555e-01	9.803994316e-01
7.340000000e+02	9.942081812e-01	9.972000012e-01	9.780817486e-01	9.804359105e-01
7.350000000e+02	9.938357076e-01	9.972000012e-01	9.782007336e-01	9.804722727e-01
7.360000000e+02	9.945609316e-01	9.972000012e-01	9.783189167e-01	9.805085186e-01
7.370000000e+02	9.940096880e-01	9.973000011e-01	9.784363045e-01	9.805446489e-01
7.380000000e+02	9.972506790e-01	9.973000011e-01	9.785529033e-01	9.805806640e-01
7.390000000e+02	9.964731120e-01	9.973000011e-01	9.786687194e-01	9.806165644e-01
7.400000000e+02	9.981114141e-01	9.973000011e-01	9.787837592e-01	9.806523508e-01
7.410000000e+02	9.988086156e-01	9.972000012e-01	9.788980288e-01	9.806880235e-01
7.420000000e+02	9.992431364e-01	9.972000012e-01	9.790115343e-01	9.807235831e-01
7.430000000e+02	9.994151099e-01	9.972000012e-01	9.791242819e-01	9.807590301e-01
7.440000000e+02	9.997321147e-01	9.971000012e-01	9.792362775e-01	9.807943651e-01
7.450000000e+02	9.998704706e-01	9.971000012e-01	9.793475272e-01	9.808295884e-01
7.460000000e+02	9.998405077e-01	9.971000012e-01	9.794580369e-01	9.808647007e-01
7.470000000e+02	9.998920640e-01	9.971000012e-01	9.795678124e-01	9.808997023e-01
7.480000000e+02	9.999528962e-01	9.971000012e-01	9.796768595e-01	9.809345939e-01
7.490000000e+02	9.999425128e-01	9.972000012e-01	9.797851841e-01	9.809693759e-01
7.500000000e+02	9.999462087e-01	9.973000011e-01	9.798927918e-01	9.810040487e-01
7.510000000e+02	9.999869570e-01	9.974000011e-01	9.799996883e-01	9.810386129e-01
7.520000000e+02	9.999995332e-01	9.975320010e-01	9.801058791e-01	9.810730690e-01
7.530000000e+02	9.999865898e-01	9.977000010e-01	9.802113699e-01	9.811074174e-01
7.540000000e+02	1.000000000e+00	9.978000009e-01	9.803161661e-01	9.811416586e-01
7.550000000e+02	1.000000000e+00	9.979266941e-01	9.804202732e-01	9.811757931e-01
7.560000000e+02	1.000000000e+00	9.980238103e-01	9.805236966e-01	9.812098213e-01
7.570000000e+02	1.000000000e+00	9.981000008e-01	9.806264416e-01	9.812437437e-01
7.580000000e+02	9.999696480e-01	9.982000008e-01	9.807285136e-01	9.812775608e-01
7.590000000e+02	9.982893517e-01	9.982122537e-01	9.808299178e-01	9.813112731e-01
7.600000000e+02	4.746515408e-01	9.983000007e-01	9.809306594e-01	9.813448810e-01
7.610000000e+02	3.721410760e-01	9.983000007e-01	9.810307436e-01	9.813783849e-01
7.620000000e+02	7.584389007e-01	9.983000007e-01	9.811301755e-01	9.814117853e-01
7.630000000e+02	5.431473237e-01	9.983000007e-01	9.812289601e-01	9.814450828e-01
7.640000000e+02	6.675640067e-01	9.983000007e-01	9.813271026e-01	9.814782776e-01
7.650000000e+02	7.452352770e-01	9.983000007e-01	9.814246078e-01	9.815113703e-01
7.660000000e+02	8.319257193e-01	9.983000007e-01	9.815214807e-01	9.815443614e-01
7.670000000e+02	9.048701636e-01	9.983000007e-01	9.816177262e-01	9.815772512e-01
7.680000000e+02	9.640225801e-01	9.983000007e-01	9.817133491e-01	9.816100402e-01
7.690000000e+02	9.783555522e-01	9.983000007e-01	9.818083543e-01	9.816427288e-01
7.700000000e+02	9.915245838e-01	9.983000007e-01	9.819027465e-01	9.816753175e-01
7.710000000e+02	9.973996389e-01	9.982000008e-01	9.819965304e-01	9.817078067e-01
7.720000000e+02	9.986897302e-01	9.982000008e-01	9.820897107e-01	9.817401968e-01
7.730000000e+02	9.991307379e-01	9.981038768e-01	9.821822921e-01	9.817724883e-01
7.740000000e+02	9.994327691e-01	9.981000008e-01	9.822742791e-01	9.818046816e-01
7.750000000e+02	9.997440459e-01	9.980000008e-01	9.823656762e-01	9.818367771e-01
7.760000000e+02	9.999252846e-01	9.979000009e-01	9.824564881e-01	9.818687752e-01
7.770000000e+02	9.999546593e-01	9.979000009e-01	9.825467191e-01	9.819006764e-01
7.780000000e+02	1.000000000e+00	9.978000009e-01	9.826363737e-01	9.819324810e-01
7.790000000e+02	1.000000000e+00	9.978000009e-01	9.827254563e-01	9.819641896e-01
7.800000000e+02	9.999239688e-01	9.979000009e-01	9.828139713e-01	9.819958024e-01
7.810000000e+02	9.999949459e-01	9.979000009e-01	9.829019229e-01	9.820273199e-01
7.820000000e+02	9.999245159e-01	9.980000008e-01	9.829893155e-01	9.820587425e-01
7.830000000e+02	9.999065165e-01	9.981000008e-01	9.830761532e-01	9.820900706e-01
7.840000000e+02	9.997955569e-01	9.982000008e-01	9.831624403e-01	9.821213047e-01
7.850000000e+02	9.997010418e-01	9.983000007e-01	9.832481810e-01	9.821524450e-01
7.860000000e+02	9.995116567e-01	9.984000007e-01	9.833333793e-01	9.821834921e-01
7.870000000e+02	9.981299294e-01	9.984000007e-01	9.834180395e-01	9.822144463e-01
7.880000000e+02	9.977082738e-01	9.985000006e-01	9.835021654e-01	9.822453080e-01
7.890000000e+02	9.967445229e-01	9.986000006e-01	9.835857612e-01	9.822760776e-01
7.900000000e+02	9.938381948e-01	9.986000006e-01	9.836688309e-01	9.823067554e-01
7.910000000e+02	9.961449462e-01	9.987000005e-01	9.837513783e-01	9.823373420e-01
7.920000000e+02	9.964340210e-01	9.987000005e-01	9.838334075e-01	9.823678376e-01
7.930000000e+02	9.959390554e-01	9.988000005e-01	9.839149223e-01	9.823982426e-01
7.940000000e+02	9.994133983e-01	9.988000005e-01	9.839959265e-01	9.824285574e-01
7.950000000e+02	9.986250088e-01	9.989000005e-01	9.840764240e-01	9.824587825e-01
7.960000000e+02	9.949265824e-01	9.989000005e-01	9.841564185e-01	9.824889181e-01
7.970000000e+02	9.951190217e-01	9.989000005e-01	9.842359138e-01	9.825189647e-01
7.980000000e+02	9.983604573e-01	9.989000005e-01	9.843149137e-01	9.825489226e-01
7.990000000e+02	9.973181850e-01	9.989225568e-01	9.843934217e-01	9.825787922e-01
8.000000000e+02	9.960567138e-01	9.990000004e-01	9.844714416e-01	9.826085739e-01
8.010000000e+02	9.958294648e-01	9.990000004e-01	9.845489770e-01	9.826382679e-01
8.020000000e+02	9.959316161e-01	9.990000004e-01	9.846260315e-01	9.826678748e-01
8.030000000e+02	9.956759115e-01	9.990000004e-01	9.847026086e-01	9.826973949e-01
8.040000000e+02	9.962124123e-01	9.990000004e-01	9.847787119e-01	9.827268284e-01
8.050000000e+02	9.968708053e-01	9.990000004e-01	9.848543449e-01	9.827561759e-01
8.060000000e+02	9.984605319e-01	9.989602235e-01	9.849295110e-01	9.827854375e-01
8.070000000e+02	9.980128661e-01	9.989000005e-01	9.850042137e-01	9.828146138e-01
8.080000000e+02	9.983748805e-01	9.989000005e-01	9.850784564e-01	9.828437050e-01
8.090000000e+02	9.972561164e-01	9.988000005e-01	9.851522425e-01	9.828727115e-01
8.100000000e+02	9.959935717e-01	9.988000005e-01	9.852255752e-01	9.829016336e-01
8.110000000e+02	9.948215325e-01	9.987000005e-01	9.852984581e-01	9.829304717e-01
8.120000000e+02	9.916309675e-01	9.987000005e-01	9.853708943e-01	9.829592262e-01
8.130000000e+02	9.889646062e-01	9.986000006e-01	9.854428871e-01	9.829878974e-01
8.140000000e+02	9.690168192e-01	9.986000006e-01	9.855144398e-01	9.830164855e-01
8.150000000e+02	9.681047538e-01	9.985000006e-01	9.855855556e-01	9.830449911e-01
8.160000000e+02	9.458047595e-01	9.985000006e-01	9.856562376e-01	9.830734143e-01
8.170000000e+02	9.503386091e-01	9.985000006e-01	9.857264891e-01	9.831017556e-01
8.180000000e+02	9.491933874e-01	9.986000006e-01	9.857963131e-01	9.831300152e-01
8.190000000e+02	9.692080816e-01	9.986000006e-01	9.858657127e-01	9.831581936e-01
8.200000000e+02	9.576311826e-01	9.987000005e-01	9.859346911e-01	9.831862909e-01
8.210000000e+02	9.915016308e-01	9.987000005e-01	9.860032513e-01	9.832143077e-01
8.220000000e+02	9.857203537e-01	9.988000005e-01	9.860713964e-01	9.832422441e-01
8.230000000e+02	9.062051586e-01	9.989000005e-01	9.861391292e-01	9.832701006e-01
8.240000000e+02	9.809080798e-01	9.990000004e-01	9.862064529e-01	9.832978774e-01
8.250000000e+02	9.839971532e-01	9.991000004e-01	9.862733703e-01	9.833255749e-01
8.260000000e+02	9.763115708e-01	9.991000004e-01	9.863398844e-01	9.833531934e-01
8.270000000e+02	9.872222467e-01	9.992000003e-01	9.864059981e-01	9.833807332e-01
8.280000000e+02	9.555004345e-01	9.993000003e-01	9.864717143e-01	9.834081946e-01
8.290000000e+02	9.769786151e-01	9.993000003e-01	9.865370358e-01	9.834355779e-01
8.300000000e+02	9.767699726e-01	9.993438409e-01	9.866019654e-01	9.834628835e-01
8.310000000e+02	9.778841912e-01	9.994000003e-01	9.866665060e-01	9.834901117e-01
8.320000000e+02	9.701862308e-01	9.994000003e-01	9.867306604e-01	9.835172627e-01
8.330000000e+02	9.917204177e-01	9.994000003e-01	9.867944313e-01	9.835443370e-01
8.340000000e+02	9.850612617e-01	9.995000002e-01	9.868578214e-01	9.835713347e-01
8.350000000e+02	9.960674991e-01	9.995000002e-01	9.869208335e-01	9.835982563e-01
8.360000000e+02	9.900222049e-01	9.995000002e-01	9.869834703e-01	9.836251019e-01
8.370000000e+02	9.967095096e-01	9.995000002e-01	9.870457343e-01	9.836518720e-01
8.380000000e+02	9.950117115e-01	9.995000002e-01	9.871076284e-01	9.836785667e-01
8.390000000e+02	9.968585455e-01	9.995000002e-01	9.871691551e-01	9.837051865e-01
8.400000000e+02	9.974346746e-01	9.995000002e-01	9.872303170e-01	9.837317316e-01
8.410000000e+02	9.966073666e-01	9.995000002e-01	9.872911167e-01	9.837582023e-01
8.420000000e+02	9.976955799e-01	9.995000002e-01	9.873515567e-01	9.837845990e-01
8.430000000e+02	9.986253251e-01	9.995000002e-01	9.874116396e-01	9.838109218e-01
8.440000000e+02	9.980156583e-01	9.994000003e-01	9.874713680e-01	9.838371711e-01
8.450000000e+02	9.992044458e-01	9.994000003e-01	9.875307443e-01	9.838633472e-01
8.460000000e+02	9.991946668e-01	9.994000003e-01	9.875897710e-01	9.838894503e-01
8.470000000e+02	9.997966544e-01	9.993000003e-01	9.876484506e-01	9.839154808e-01
8.480000000e+02	9.991040519e-01	9.993000003e-01	9.877067854e-01	9.839414390e-01
8.490000000e+02	9.992871263e-01	9.992000003e-01	9.877647780e-01	9.839673251e-01
8.500000000e+02	9.993923474e-01	9.992000003e-01	9.878224307e-01	9.839931394e-01
8.510000000e+02	9.985162263e-01	9.991000004e-01	9.878797459e-01	9.840188822e-01
8.520000000e+02	9.990789650e-01	9.991000004e-01	9.879367260e-01	9.840445537e-01
8.530000000e+02	9.994441953e-01	9.990000004e-01	9.879933733e-01	9.840701544e-01
8.540000000e+02	9.989272901e-01	9.990000004e-01	9.880496901e-01	9.840956843e-01
8.550000000e+02	9.997109027e-01	9.990000004e-01	9.881056788e-01	9.841211439e-01
8.560000000e+02	9.993165296e-01	9.991000004e-01	9.881613416e-01	9.841465333e-01
8.570000000e+02	9.996828467e-01	9.991000004e-01	9.882166807e-01	9.841718529e-01
8.580000000e+02	9.996946161e-01	9.991000004e-01	9.882716985e-01	9.841971030e-01
8.590000000e+02	9.996964885e-01	9.992000003e-01	9.883263972e-01	9.842222837e-01
8.600000000e+02	9.999716748e-01	9.992000003e-01	9.883807789e-01	9.842473954e-01
8.610000000e+02	9.998669189e-01	9.993000003e-01	9.884348459e-01	9.842724384e-01
8.620000000e+02	9.998544715e-01	9.994000003e-01	9.884886004e-01	9.842974129e-01
8.630000000e+02	9.998330760e-01	9.994000003e-01	9.885420444e-01	9.843223191e-01
8.640000000e+02	9.999033282e-01	9.995000002e-01	9.885951802e-01	9.843471574e-01
8.650000000e+02	9.999590132e-01	9.995000002e-01	9.886480099e-01	9.843719279e-01
8.660000000e+02	9.998890981e-01	9.995837372e-01	9.887005356e-01	9.843966310e-01
8.670000000e+02	9.999088213e-01	9.996000002e-01	9.887527594e-01	9.844212670e-01
8.680000000e+02	9.999606193e-01	9.996000002e-01	9.888046833e-01	9.844458360e-01
8.690000000e+02	9.999701999e-01	9.996000002e-01	9.888563094e-01	9.844703384e-01
8.700000000e+02	9.999324543e-01	9.997000001e-01	9.889076398e-01	9.844947743e-01
8.710000000e+02	9.999319541e-01	9.997000001e-01	9.889586764e-01	9.845191441e-01
8.720000000e+02	9.999754000e-01	9.997000001e-01	9.890094213e-01	9.845434480e-01
8.730000000e+02	9.999945116e-01	9.997000001e-01	9.890598765e-01	9.845676863e-01
8.740000000e+02	9.999808636e-01	9.997000001e-01	9.891100440e-01	9.845918591e-01
8.750000000e+02	9.999846327e-01	9.997000001e-01	9.891599257e-01	9.846159668e-01
8.760000000e+02	9.999572750e-01	9.997000001e-01	9.892095235e-01	9.846400096e-01
8.770000000e+02	9.999724520e-01	9.997000001e-01	9.892588394e-01	9.846639878e-01
8.780000000e+02	9.998986396e-01	9.997000001e-01	9.893078754e-01	9.846879016e-01
8.790000000e+02	9.999004359e-01	9.997000001e-01	9.893566332e-01	9.847117512e-01
8.800000000e+02	9.999188971e-01	9.997000001e-01	9.894051149e-01	9.847355369e-01
8.810000000e+02	9.995845634e-01	9.997000001e-01	9.894533222e-01	9.847592589e-01
8.820000000e+02	9.995397395e-01	9.997000001e-01	9.895012570e-01	9.847829175e-01
8.830000000e+02	9.997422402e-01	9.997000001e-01	9.895489212e-01	9.848065129e-01
8.840000000e+02	9.996750069e-01	9.997000001e-01	9.895963166e-01	9.848300454e-01
8.850000000e+02	9.995987197e-01	9.997000001e-01	9.896434450e-01	9.848535151e-01
8.860000000e+02	9.986636277e-01	9.997000001e-01	9.896903082e-01	9.848769224e-01
8.870000000e+02	9.992543480e-01	9.997000001e-01	9.897369080e-01	9.849002674e-01
8.880000000e+02	9.983162819e-01	9.997000001e-01	9.897832461e-01	9.849235505e-01
8.890000000e+02	9.998780989e-01	9.997000001e-01	9.898293244e-01	9.849467717e-01
8.900000000e+02	9.985329350e-01	9.997000001e-01	9.898751445e-01	9.849699314e-01
8.910000000e+02	9.992019804e-01	9.997000001e-01	9.899207081e-01	9.849930298e-01
8.920000000e+02	9.977822953e-01	9.997000001e-01	9.899660171e-01	9.850160672e-01
8.930000000e+02	9.938464727e-01	9.996043626e-01	9.900110731e-01	9.850390437e-01
8.940000000e+02	9.910381687e-01	9.996000002e-01	9.900558778e-01	9.850619595e-01
8.950000000e+02	9.835544841e-01	9.996000002e-01	9.901004328e-01	9.850848150e-01
8.960000000e+02	9.686635400e-01	9.996000002e-01	9.901447399e-01	9.851076103e-01
8.970000000e+02	9.426445962e-01	9.996000002e-01	9.901888007e-01	9.851303457e-01
8.980000000e+02	9.557236398e-01	9.996000002e-01	9.902326167e-01	9.851530213e-01
8.990000000e+02	8.913805043e-01	9.996000002e-01	9.902761897e-01	9.851756374e-01
9.000000000e+02	9.593840826e-01	9.996000002e-01	9.903195213e-01	9.851981943e-01
9.010000000e+02	9.342060925e-01	9.996000002e-01	9.903626130e-01	9.852206921e-01
9.020000000e+02	9.495284565e-01	9.996000002e-01	9.904054665e-01	9.852431311e-01
9.030000000e+02	9.397512048e-01	9.996372095e-01	9.904480833e-01	9.852655114e-01
9.040000000e+02	9.910916480e-01	9.997000001e-01	9.904904650e-01	9.852878334e-01
9.050000000e+02	9.855491524e-01	9.997000001e-01	9.905326131e-01	9.853100971e-01
9.060000000e+02	9.740780402e-01	9.997000001e-01	9.905745291e-01	9.853323029e-01
9.070000000e+02	9.348150054e-01	9.997000001e-01	9.906162147e-01	9.853544509e-01
9.080000000e+02	9.427235172e-01	9.998000001e-01	9.906576713e-01	9.853765414e-01
9.090000000e+02	9.511558138e-01	9.998000001e-01	9.906989004e-01	9.853985745e-01
9.100000000e+02	9.442278345e-01	9.998000001e-01	9.907399035e-01	9.854205506e-01
9.110000000e+02	9.575964479e-01	9.998000001e-01	9.907806821e-01	9.854424697e-01
9.120000000e+02	9.535927667e-01	9.998000001e-01	9.908212377e-01	9.854643321e-01
9.130000000e+02	9.459298655e-01	9.998000001e-01	9.908615717e-01	9.854861380e-01
9.140000000e+02	9.387086745e-01	9.998000001e-01	9.909016855e-01	9.855078876e-01
9.150000000e+02	9.692863485e-01	9.998000001e-01	9.909415807e-01	9.855295812e-01
9.160000000e+02	9.232456511e-01	9.998259017e-01	9.909812586e-01	9.855512188e-01
9.170000000e+02	9.747712352e-01	9.999000000e-01	9.910207206e-01	9.855728008e-01
9.180000000e+02	9.329022259e-01	9.999000000e-01	9.910599682e-01	9.855943273e-01
9.190000000e+02	9.711824683e-01	9.999000000e-01	9.910990028e-01	9.856157986e-01
9.200000000e+02	9.712340365e-01	9.999000000e-01	9.911378256e-01	9.856372148e-01
9.210000000e+02	9.866348592e-01	9.999000000e-01	9.911764382e-01	9.856585761e-01
9.220000000e+02	9.704179355e-01	9.999000000e-01	9.912148418e-01	9.856798827e-01
9.230000000e+02	9.847840847e-01	9.999000000e-01	9.912530379e-01	9.857011349e-01
9.240000000e+02	9.755194489e-01	9.999000000e-01	9.912910277e-01	9.857223328e-01
9.250000000e+02	9.695106055e-01	9.999000000e-01	9.913288126e-01	9.857434766e-01
9.260000000e+02	9.776964838e-01	9.999000000e-01	9.913663939e-01	9.857645666e-01
9.270000000e+02	9.883919252e-01	9.999000000e-01	9.914037729e-01	9.857856028e-01
9.280000000e+02	9.454173925e-01	9.999000000e-01	9.914409510e-01	9.858065856e-01
9.290000000e+02	9.396192151e-01	9.999000000e-01	9.914779294e-01	9.858275151e-01
9.300000000e+02	8.829539169e-01	9.999000000e-01	9.915147094e-01	9.858483914e-01
9.310000000e+02	8.503016877e-01	9.999000000e-01	9.915512922e-01	9.858692149e-01
9.320000000e+02	7.883109665e-01	9.999000000e-01	9.915876792e-01	9.858899856e-01
9.330000000e+02	7.521778440e-01	9.999000000e-01	9.916238716e-01	9.859107038e-01
9.340000000e+02	7.066384435e-01	9.999000000e-01	9.916598706e-01	9.859313696e-01
9.350000000e+02	7.165859151e-01	9.999000000e-01	9.916956775e-01	9.859519833e-01
9.360000000e+02	6.599076071e-01	9.998000001e-01	9.917312935e-01	9.859725450e-01
9.370000000e+02	6.952874550e-01	9.998000001e-01	9.917667198e-01	9.859930549e-01
9.380000000e+02	7.440493170e-01	9.998000001e-01	9.918019576e-01	9.860135132e-01
9.390000000e+02	8.585824098e-01	9.998000001e-01	9.918370082e-01	9.860339200e-01
9.400000000e+02	9.055164929e-01	9.998000001e-01	9.918718726e-01	9.860542757e-01
9.410000000e+02	8.645336723e-01	9.997000001e-01	9.919065522e-01	9.860745803e-01
9.420000000e+02	8.714757518e-01	9.997000001e-01	9.919410480e-01	9.860948340e-01
9.430000000e+02	7.527714418e-01	9.997000001e-01	9.919753613e-01	9.861150370e-01
9.440000000e+02	7.701104033e-01	9.997000001e-01	9.920094932e-01	9.861351895e-01
9.450000000e+02	8.558719397e-01	9.997000001e-01	9.920434448e-01	9.861552917e-01
9.460000000e+02	7.206228567e-01	9.997000001e-01	9.920772172e-01	9.861753437e-01
9.470000000e+02	8.706995442e-01	9.997000001e-01	9.921108117e-01	9.861953457e-01
9.480000000e+02	7.659427998e-01	9.998000001e-01	9.921442293e-01	9.862152980e-01
9.490000000e+02	9.314275653e-01	9.998000001e-01	9.921774711e-01	9.862352006e-01
9.500000000e+02	6.720359477e-01	9.998000001e-01	9.922105383e-01	9.862550537e-01
9.510000000e+02	9.525951899e-01	9.998000001e-01	9.922434320e-01	9.862748576e-01
9.520000000e+02	7.861077642e-01	9.998000001e-01	9.922761531e-01	9.862946124e-01
9.530000000e+02	8.457016351e-01	9.999000000e-01	9.923087029e-01	9.863143182e-01
9.540000000e+02	8.906513183e-01	9.999000000e-01	9.923410824e-01	9.863339753e-01
9.550000000e+02	8.547866467e-01	9.999000000e-01	9.923732926e-01	9.863535838e-01
9.560000000e+02	8.383284952e-01	9.999000000e-01	9.924053347e-01	9.863731439e-01
9.570000000e+02	8.131136965e-01	9.999000000e-01	9.924372096e-01	9.863926558e-01
9.580000000e+02	8.872484716e-01	9.999000000e-01	9.924689184e-01	9.864121195e-01
9.590000000e+02	8.666454087e-01	9.999000000e-01	9.925004622e-01	9.864315353e-01
9.600000000e+02	8.954965925e-01	9.999000000e-01	9.925318419e-01	9.864509034e-01
9.610000000e+02	8.993006937e-01	9.999000000e-01	9.925630586e-01	9.864702240e-01
9.620000000e+02	8.929197040e-01	9.999000000e-01	9.925941133e-01	9.864894971e-01
9.630000000e+02	9.169169237e-01	9.999000000e-01	9.926250071e-01	9.865087229e-01
9.640000000e+02	9.056416992e-01	9.999000000e-01	9.926557408e-01	9.865279017e-01
9.650000000e+02	9.163414962e-01	9.999000000e-01	9.926863156e-01	9.865470336e-01
9.660000000e+02	9.278940196e-01	9.999000000e-01	9.927167323e-01	9.865661186e-01
9.670000000e+02	9.222303910e-01	9.999000000e-01	9.927469920e-01	9.865851571e-01
9.680000000e+02	9.643918256e-01	9.999000000e-01	9.927770956e-01	9.866041492e-01
9.690000000e+02	9.825449614e-01	9.999000000e-01	9.928070441e-01	9.866230950e-01
9.700000000e+02	9.667557332e-01	9.999000000e-01	9.928368385e-01	9.866419947e-01
9.710000000e+02	9.884146941e-01	9.999000000e-01	9.928664796e-01	9.866608484e-01
9.720000000e+02	9.740285213e-01	9.999000000e-01	9.928959685e-01	9.866796563e-01
9.730000000e+02	9.640526425e-01	9.999000000e-01	9.929253061e-01	9.866984186e-01
9.740000000e+02	9.526454956e-01	9.999000000e-01	9.929544933e-01	9.867171354e-01
9.750000000e+02	9.445182144e-01	9.999000000e-01	9.929835310e-01	9.867358069e-01
9.760000000e+02	9.461070233e-01	9.999000000e-01	9.930124201e-01	9.867544332e-01
9.770000000e+02	9.672411304e-01	9.999000000e-01	9.930411616e-01	9.867730145e-01
9.780000000e+02	9.701941820e-01	9.999000000e-01	9.930697563e-01	9.867915510e-01
9.790000000e+02	9.645179087e-01	9.999000000e-01	9.930982053e-01	9.868100427e-01
9.800000000e+02	9.564623958e-01	9.999000000e-01	9.931265092e-01	9.868284899e-01
9.810000000e+02	9.900828279e-01	9.999000000e-01	9.931546691e-01	9.868468926e-01
9.820000000e+02	9.868605396e-01	9.999000000e-01	9.931826857e-01	9.868652511e-01
9.830000000e+02	9.778832814e-01	9.999000000e-01	9.932105601e-01	9.868835656e-01
9.840000000e+02	9.967974757e-01	9.999000000e-01	9.932382930e-01	9.869018360e-01
9.850000000e+02	9.845088203e-01	9.999000000e-01	9.932658852e-01	9.869200627e-01
9.860000000e+02	9.975688544e-01	9.999000000e-01	9.932933378e-01	9.869382457e-01
9.870000000e+02	9.962564207e-01	9.999000000e-01	9.933206514e-01	9.869563852e-01
9.880000000e+02	9.949854252e-01	9.999000000e-01	9.933478270e-01	9.869744814e-01
9.890000000e+02	9.990853972e-01	9.998000001e-01	9.933748653e-01	9.869925343e-01
9.900000000e+02	9.959758232e-01	9.998000001e-01	9.934017672e-01	9.870105442e-01
9.910000000e+02	9.987763228e-01	9.997000001e-01	9.934285336e-01	9.870285112e-01
9.920000000e+02	9.991866961e-01	9.997000001e-01	9.934551652e-01	9.870464354e-01
9.930000000e+02	9.971919099e-01	9.998000001e-01	9.934816629e-01	9.870643170e-01
9.940000000e+02	9.991770794e-01	9.998000001e-01	9.935080274e-01	9.870821561e-01
9.950000000e+02	9.996415830e-01	9.998000001e-01	9.935342596e-01	9.870999528e-01
9.960000000e+02	9.994568523e-01	9.998000001e-01	9.935603602e-01	9.871177074e-01
9.970000000e+02	9.995047581e-01	9.998000001e-01	9.935863301e-01	9.871354198e-01
9.980000000e+02	9.995038467e-01	9.998000001e-01	9.936121700e-01	9.871530904e-01
9.990000000e+02	9.994580728e-01	9.998000001e-01	9.936378807e-01	9.871707192e-01
1.000000000e+03	9.985800620e-01	1.000000000e+00	9.936634630e-01	9.871883064e-01